# Parámetros para seleccion-caracteristicas.R

semilla <- c(
  12345678
  ,23456781
  ,34567812
  ,45678123
  ,56781234
)